98
190
283
411
458
612
658
721
728
799
855
1002
1035
1106
1282
1526
1545
1709
1806
2100
2187
2207
2226
2246
2280
2495
2542
2610
2653
2854
2862
2878
2887
3047
3162
3328
3403
3524
3571
3612
3703
3843
3972
4028
4136
4142
4239
4277
4370
4406
4565
4607
4679
4798
4845
4871
5124
5175
5374
5450
5469
5481
5609
5625
5642
5806
5823
5871
5888
5896
5977
5989
6049
6147
6230
6283
6469
6506
6564
6574
6581
6657
6884
6953
6985
6991
7062
7186
7282
7383
7406
7517
7567
7573
7688
7748
7832
7945
7989
8074
8132
8184
8245
8446
8525
8641
8652
8658
8673
8682
8732
8924
9003
9036
9239
9267
9294
9304
9329
9362
9451
9458
9470
9511
9595
9606
9627
9834
9858
9908
