174
213
219
363
593
700
890
1038
1100
1205
1254
1260
1264
1274
1324
1430
1556
1731
1748
1751
1876
1885
1909
1927
1950
1983
2099
2145
2183
2224
2257
2375
2510
2556
2559
2572
2614
2689
2823
2894
2964
2980
3007
3096
3152
3393
3404
3465
3614
3644
3678
3754
3894
3907
3970
3974
3993
4004
4232
4325
4450
4521
4745
4756
4794
4879
4891
4913
4922
4979
5018
5070
5106
5136
5359
5427
5590
5814
5830
5850
5889
6169
6215
6482
6505
6517
6530
6545
6720
6745
6753
6837
6841
6951
7092
7135
7221
7242
7303
7313
7326
7373
7583
7595
7609
7741
7749
7856
7860
7884
7940
7980
8104
8134
8189
8192
8204
8258
8459
8838
8857
8879
8997
9095
9153
9167
9171
9172
9446
9473
9698
9713
9718
