70
100
243
333
385
481
510
628
670
727
778
825
826
839
841
841
850
864
904
907
1001
1003
1039
1302
1321
1357
1405
1441
1447
1494
1532
1553
1605
1694
1790
1822
1872
1881
1955
1992
2127
2235
2291
2325
2564
2599
2617
2632
2637
2643
2695
2954
2971
2977
3081
3169
3176
3256
3417
3492
3493
3559
3640
3688
4047
4081
4139
4172
4288
4314
4338
4816
5261
5298
5301
5318
5394
5432
5484
5504
5513
5529
5565
5621
5746
5782
5866
5913
6096
6285
6358
6518
6566
6613
6613
6733
6858
6950
7083
7161
7190
7196
7210
7359
7418
7495
7587
7615
7751
7971
8025
8039
8184
8515
8516
8553
8578
8714
8722
8725
8725
8840
8850
8888
8899
8993
9008
9078
9214
9367
9441
9479
9495
9570
9697
9736
9760
9811
9946
9973
