69
113
253
385
436
472
476
821
947
1004
1067
1130
1161
1473
1533
1562
1603
1647
1678
1876
1890
1922
2050
2072
2188
2213
2222
2235
2263
2340
2442
2594
2659
2697
2849
2886
2914
3087
3099
3189
3377
3449
3486
3534
3617
3721
3726
3757
3801
3905
4015
4111
4337
4338
4485
4538
4554
4609
4668
4787
4822
5071
5100
5302
5479
5498
5529
5582
5846
5857
5908
5954
5989
6147
6224
6286
6414
6426
6429
6528
6653
6704
6771
6955
7063
7105
7197
7254
7368
7418
7488
7505
7544
7602
7737
7761
7817
7828
7905
7944
7989
8019
8145
8164
8176
8250
8279
8381
8466
8489
8507
8630
8704
8815
8955
8959
8964
9184
9280
9472
9509
9549
9550
9661
9782
9819
9921
9930
9979
