243
261
274
302
347
472
509
557
572
595
647
783
956
994
1004
1006
1011
1099
1217
1226
1403
1418
1464
1561
1660
1796
1804
1929
1952
2159
2191
2229
2230
2340
2824
2894
2997
3050
3070
3071
3209
3236
3317
3334
3336
3346
3771
3832
3924
3956
4096
4106
4160
4163
4255
4260
4311
4357
4465
4532
4634
4666
4789
4866
4947
5032
5134
5175
5444
5480
5606
5629
5872
5919
5959
5960
5987
6281
6304
6364
6407
6442
6477
6501
6597
6601
6620
6763
6811
6823
6844
6930
6992
7127
7196
7199
7431
7661
7708
7802
7812
7838
8006
8040
8108
8121
8162
8333
8443
8495
8520
8561
8573
8821
8892
8925
8972
8997
9041
9265
9392
9428
9484
9602
9622
9993
