20
160
197
208
235
370
403
405
478
483
495
600
615
650
721
772
911
1162
1176
1181
1381
1546
1582
1773
1782
1851
1882
1912
2054
2065
2082
2126
2181
2204
2330
2366
2394
2420
2514
2567
2583
2634
2726
2729
2860
2908
2946
3003
3049
3118
3134
3145
3186
3218
3269
3338
3342
3352
3456
3532
3648
3714
3728
3822
3907
4063
4246
4354
4362
4388
4402
4409
4454
4528
4633
4647
4727
4877
4955
5018
5122
5247
5255
5287
5298
5303
5579
5743
5765
6098
6101
6129
6132
6357
6769
6822
6872
6896
7032
7200
7256
7274
7322
7363
7413
7429
7541
7544
7551
7912
7945
8013
8032
8062
8162
8198
8244
8285
8359
8419
8441
8488
8558
8596
8605
8692
8775
8795
8847
8923
8980
9063
9155
9207
9341
9373
9443
9689
9797
