4043
2615
4524
5792
7109
7161
7015
9749
1169
8262
8299
1592
8660
2337
2784
665
4488
5136
4930
6596
7918
2665
2934
5681
9463
2700
6881
6368
5664
8409
3502
401
680
8979
6115
4607
7578
5100
3953
7543
4737
9135
4578
9123
1098
4429
64
226
1455
5687
2938
8568
8437
7766
7266
3342
7497
3865
2137
458
799
7289
1709
6479
8956
8688
4914
4521
3876
9577
8348
8586
2246
6347
283
9004
8282
4150
1526
5452
4875
190
2207
7013
728
3972
3524
9462
3162
4908
4028
2887
3403
98
1545
8732
8571
4406
5368
4239
1106
5588
9047
2280
1806
6780
3703
1035
2878
6704
3612
4136
2495
3328
6294
612
7731
2542
2610
4845
3843
658
8213
721
1002
7319
855
4798
4871
7108
2862
5957
3047
3571
2226
8865
2100
6873
1282
2854
5642
2187
5175
4607
5374
411
6230
9294
4565
5806
4277
8245
5450
9908
6985
7406
5896
6564
6469
890
7832
8446
7186
1909
2653
1205
8658
7573
8652
4370
4142
8074
8673
5481
8682
9304
5469
7062
8132
1260
6049
9329
4679
7567
9627
7383
5625
3465
1100
5888
9834
6657
8924
2257
8184
2183
363
1556
9003
2145
9239
3970
5871
5989
219
5609
5124
4450
1731
9511
4004
8525
3754
6283
6506
2572
9858
5823
4325
1254
4891
4756
1876
6884
6147
5977
4979
593
2559
1748
174
2224
9470
9267
3993
7945
7517
6574
2614
7989
7748
9595
3974
213
5359
6581
1950
1324
1264
6991
9451
3393
9036
2510
3907
8641
1430
2099
1751
7282
9458
3007
6169
2556
8732
3152
9606
1038
2980
7688
6953
9362
6505
700
3614
6517
8857
4521
1274
2964
3678
1927
3096
1983
70
5070
1885
5850
7856
5106
907
9446
2689
2894
7595
7980
7373
839
1605
243
1405
3404
6720
7884
6837
6482
9153
2375
8134
8204
3644
2823
5427
825
7313
9698
7303
4745
7609
7583
7326
4879
6951
8189
3894
1321
2643
9473
2977
4913
7092
1955
1357
1441
6530
9172
481
3256
628
1790
1003
3417
9167
5814
8459
6753
4232
7940
904
841
5590
333
2291
5018
5830
4139
1872
8879
9718
7860
4794
4338
100
1992
1001
4922
2971
8104
2695
850
8192
9171
2637
7242
5136
7221
8997
2235
1553
6545
3176
6745
670
7741
1822
8258
4314
8838
6215
5889
9095
2325
6841
778
826
385
2127
1039
1302
9713
1881
864
7749
7135
1494
5913
8516
2564
7418
69
5394
7161
510
3493
727
8578
7359
7210
5301
6566
3559
841
1532
8850
1447
8840
7587
9495
3169
4081
4047
7083
3640
253
9973
1694
8725
5298
6733
4288
8025
947
5504
2599
8553
6096
2632
2617
6613
2072
9811
1678
2954
8515
7190
1647
5432
5261
9570
3688
2222
3081
1067
2213
4172
6358
5782
2340
7495
436
2849
4816
9736
8714
1890
6518
1161
5513
3492
1876
5621
3087
3377
1130
7971
5746
1004
5484
9697
2886
8993
9214
9441
821
6285
6950
6613
8725
4111
5866
1473
3801
5565
3617
1562
4338
8039
5318
385
9078
3757
5529
4668
472
9946
9760
8722
7196
9367
113
9008
4337
9479
8184
6858
4822
8899
2188
3486
5302
8888
3449
2659
4609
2697
7615
7751
6224
4554
6147
2442
4015
1603
5857
2594
476
8815
8466
9472
5582
3189
6955
4485
4538
9930
274
509
1922
2914
8250
1533
6653
5908
5529
9550
7254
2050
7544
8279
2263
6771
3721
1952
2235
3534
783
7828
647
5479
9549
8019
472
5100
3099
9280
9819
7761
1796
6429
4787
7905
8959
3726
1004
2824
3905
7989
7063
7944
1929
3317
6286
302
6426
3209
5071
3336
8964
7368
6414
9184
5498
3956
7737
3334
8955
1561
5954
8507
9921
9661
4357
8489
3236
595
994
243
3832
4163
5989
8145
9782
4255
2191
7817
1226
5846
4634
4260
7488
7418
9979
1011
8630
8704
6704
1804
5480
7197
1660
572
956
347
5444
4947
9509
8176
5606
8164
7505
3050
4160
2894
7105
1099
1217
1418
261
6528
7602
8381
2229
6281
5175
4311
8925
208
9392
557
4532
3346
1403
2159
2230
6811
2997
1006
8495
1464
5959
5919
6930
3771
3070
6844
4789
9622
6304
6407
7127
5134
20
3071
6601
1176
7199
4866
2340
4096
8006
6364
7431
495
7661
8108
8443
3924
8333
4106
9041
1162
2726
5872
9428
2366
4666
370
9602
6442
2126
3049
8162
8997
235
1851
1181
9265
6477
7708
2634
8892
6992
405
160
4465
8821
3218
8561
8121
2583
600
3352
4246
6620
721
197
7802
1782
483
8040
6763
5960
5032
5629
3342
4633
911
7812
1773
9484
6597
1381
615
5987
403
6823
5018
7196
3186
1882
6501
1582
8520
3714
7838
2065
3145
2394
4454
8573
2204
8972
772
5122
9993
2420
4647
478
1546
4388
3648
2082
2514
2860
3456
8923
6098
8692
650
2908
3269
2181
7429
7200
3338
2054
6357
787
7363
1912
9689
797
8032
6129
300
559
4955
4727
3728
3532
1447
1766
1686
4528
7551
6769
3822
1923
953
4354
2946
2330
9063
8198
2567
60
8359
1390
3003
7413
5255
432
2524
3134
2729
3907
4402
373
7541
7544
2091
3118
8775
8605
5743
9341
7945
4362
401
8419
4063
7912
5579
715
2461
8013
6822
2608
5287
8441
5298
5303
2290
4877
1251
9155
2253
8980
1780
7256
6872
5765
2849
8847
2892
4409
1406
8558
108
8488
823
749
9443
7274
3039
5247
8596
6101
547
1117
9207
9797
4089
1846
9373
2061
2894
3708
7322
7032
6132
970
1420
8795
8062
557
1270
6896
4848
8162
1488
1648
3573
3750
2453
2875
5659
8244
8285
2012
4201
1499
3253
5825
2193
1649
2179
2210
1967
2957
7805
5106
3089
3837
4054
8402
7420
2119
669
7886
5459
1725
4494
6079
4567
2954
923
4684
7700
2349
158
9166
2601
3373
6992
3120
3108
2968
7070
770
2914
4268
4789
3834
659
3581
6860
5677
6561
9673
3757
8862
448
2807
8973
9963
9483
6472
719
2953